0.0
0.0
0.0
0.00999999999999801
0.01999999999999602
0.030000000000001137
0.030000000000001137
0.030000000000001137
0.03999999999999915
0.0400000000000027
0.04999999999998295
0.04999999999999716
0.04999999999999716
0.04999999999999716
0.050000000000000044
0.05000000000000071
0.05999999999999961
0.0600000000000005
0.060000000000002274
0.060000000000002274
0.060000000000002274
0.06999999999999318
0.06999999999999318
0.07000000000000739
0.0799999999999983
0.09000000000000341
0.09000000000000341
0.09000000000000341
0.11999999999999034
0.12000000000000455
0.12000000000000455
0.12000000000000455
0.12000000000000455
0.12999999999999545
0.12999999999999545
0.13000000000000078
0.13000000000000256
0.13999999999999968
0.14000000000000057
0.14000000000000057
0.14000000000001478
0.14999999999999858
0.15000000000000213
0.1599999999999966
0.1599999999999966
0.1600000000000037
0.16999999999999993
0.1700000000000017
0.1799999999999784
0.17999999999999972
0.18999999999999773
0.2099999999999973
0.21000000000000085
0.21000000000000796
0.21999999999999886
0.21999999999999886
0.21999999999999886
0.21999999999999886
0.22000000000000597
0.22999999999999954
0.23000000000000043
0.23999999999998067
0.2400000000000002
0.240000000000002
0.25
0.25
0.25
0.2599999999999909
0.259999999999998
0.259999999999998
0.259999999999998
0.2600000000000051
0.2600000000000051
0.269999999999996
0.269999999999996
0.2699999999999996
0.2700000000000031
0.28999999999999204
0.29000000000000625
0.29000000000000625
0.3000000000000007
0.3100000000000023
0.3100000000000023
0.3200000000000003
0.3299999999999841
0.3299999999999983
0.3299999999999983
0.3300000000000054
0.3400000000000003
0.3400000000000034
0.3499999999999943
0.3499999999999943
0.35999999999999943
0.37000000000000455
0.37999999999999545
0.37999999999999545
0.379999999999999
0.3799999999999999
0.38000000000000966
0.39000000000000057
0.3999999999999986
0.4000000000000057
0.4099999999999966
0.4099999999999966
0.4099999999999966
0.41000000000000014
0.4200000000000017
0.4299999999999926
0.4299999999999997
0.4299999999999997
0.45000000000001705
0.45999999999999375
0.46000000000000796
0.4799999999999969
0.480000000000004
0.4899999999999949
0.5
0.5
0.5099999999999909
0.509999999999998
0.5100000000000051
0.5300000000000011
0.5300000000000011
0.5399999999999991
0.5400000000000063
0.5600000000000023
0.5600000000000023
0.5600000000000023
0.5899999999999963
0.5900000000000034
0.5999999999999943
0.5999999999999979
0.6000000000000001
0.6099999999999852
0.6099999999999994
0.6299999999999955
0.6400000000000006
0.6600000000000001
0.700000000000017
0.710000
0.7199999999999989
0.7299999999999969
0.730000000000004
0.740000000000002
0.740000000000002
0.740000000000002
0.7400000000000091
0.75
0.75
0.759999999999998
0.7699999999999818
0.769999999999996
0.7900000000000063
0.8000000000000043
0.8099999999999881
0.8199999999999932
0.8500000000000085
0.879999999999999
0.9099999999999966
0.9200000000000159
0.9299999999999926
0.9299999999999997
0.9400000000000119
0.9500000000000028
0.9500000000000028
0.9599999999999937
0.9699999999999989
0.9699999999999989
1.0
1.0
1.0
1.009999999999991
1.0200000000000102
1.0400000000000027
1.0700000000000216
1.0900000000000034
1.0999999999999943
1.1099999999999994
1.1099999999999994
1.1299999999999955
1.1300000000000001
1.1600000000000006
1.1699999999999875
1.190000000000012
1.2099999999999937
1.2199999999999989
1.220000000000006
1.2900000000000205
1.2999999999999972
1.3100000000000023
1.3499999999999943
1.3599999999999994
1.3900000000000006
1.4099999999999966
1.420000000000016
1.4399999999999977
1.4500000000000028
1.4699999999999989
1.480000000000004
1.5
1.5099999999999998
1.5800000000000125
1.6199999999999974
1.6199999999999974
1.6200000000000045
1.6300000000000097
1.6400000000000006
1.6400000000000006
1.6700000000000017
1.7400000000000002
1.759999999999998
1.8100000000000023
1.8500000000000014
1.8900000000000006
1.9399999999999977
1.9399999999999977
1.9399999999999977
1.9699999999999989
2.0
2.1300000000000026
2.3499999999999943
2.3999999999999915
2.4099999999999966
2.5
2.6599999999999966
2.7199999999999998
3.039999999999992
3.759999999999998
